0
70.15410130346277
69.67535556911275
69.19660983476285
68.71786410041284
68.23911836606283
67.76037263171281
67.28162689736291
66.8028811630129
66.32413542866288
65.84538969431287
65.36664395996286
64.88789822561296
62.494169553863
62.01542381951299
61.536678085162976
61.057932350813076
60.57918661646306
60.10044088211305
59.621695147763035
59.14294941341302
58.66420367906312
58.18545794471311
57.706712210363094
57.22796647601308
56.74922074166318
56.270475007313166
55.79172927296315
55.31298353861314
54.834237804263125
54.355492069913225
53.87674633556321
53.3980006012132
52.919254866863184
49.0892889920633
48.61054325771329
48.13179752336339
47.653051789013375
47.17430605466336
46.69556032031335
46.21681458596345
45.738068851613434
45.25932311726342
44.78057738291341
44.30183164856339
43.82308591421349
43.34434017986348
42.865594445513466
42.38684871116345
41.90810297681355
41.42935724246354
40.950611508113525
40.47186577376351
39.9931200394135
39.5143743050636
39.035628570713584
38.55688283636357
38.07813710201356
37.59939136766366
37.12064563331364
36.64189989896363
36.163154164613616
35.6844084302636
35.2056626959137
34.72691696156369
34.248171227213675
33.76942549286366
33.29067975851376
32.81193402416375
32.333188289813734
31.85444255546372
31.37569682111382
30.896951086763806
30.418205352413793
29.93945961806378
29.460713883713765
28.981968149363865
28.503222415013852
28.024476680663838
27.545730946313824
27.066985211963924
26.58823947761391
26.109493743263897
25.630748008913883
25.15200227456387
24.67325654021397
24.194510805863956
23.715765071513943
23.23701933716393
22.75827360281403
22.279527868464015
21.800782134114
21.322036399763988
20.843290665414088
20.364544931064074
19.88579919671406
19.407053462364047
18.928307728014033
18.449561993664133
17.97081625931412
17.492070524964106
17.013324790614092
16.534579056264192
16.05583332191418
15.577087587564165
15.098341853214151
14.619596118864138
14.140850384514238
13.662104650164224
13.18335891581421
